angle_of_attack;Cl;Cd;Cm;t/c ratio
-3.141593;0;0.6;0;100
-3.054326;0;0.6;0;100
-2.967060;0;0.6;0;100
-2.879793;0;0.6;0;100
-2.792527;0;0.6;0;100
-2.705260;0;0.6;0;100
-2.617994;0;0.6;0;100
-2.530727;0;0.6;0;100
-2.443461;0;0.6;0;100
-2.356194;0;0.6;0;100
-2.268928;0;0.6;0;100
-2.181662;0;0.6;0;100
-2.094395;0;0.6;0;100
-2.007129;0;0.6;0;100
-1.919862;0;0.6;0;100
-1.832596;0;0.6;0;100
-1.745329;0;0.6;0;100
-1.658063;0;0.6;0;100
-1.570796;0;0.6;0;100
-1.483530;0;0.6;0;100
-1.396263;0;0.6;0;100
-1.308997;0;0.6;0;100
-1.221730;0;0.6;0;100
-1.134464;0;0.6;0;100
-1.047198;0;0.6;0;100
-0.959931;0;0.6;0;100
-0.872665;0;0.6;0;100
-0.785398;0;0.6;0;100
-0.698132;0;0.6;0;100
-0.680678;0;0.6;0;100
-0.663225;0;0.6;0;100
-0.645772;0;0.6;0;100
-0.628319;0;0.6;0;100
-0.610865;0;0.6;0;100
-0.593412;0;0.6;0;100
-0.575959;0;0.6;0;100
-0.558505;0;0.6;0;100
-0.523599;0;0.6;0;100
-0.488692;0;0.6;0;100
-0.453786;0;0.6;0;100
-0.418879;0;0.6;0;100
-0.383972;0;0.6;0;100
-0.349066;0;0.6;0;100
-0.314159;0;0.6;0;100
-0.279253;0;0.6;0;100
-0.244346;0;0.6;0;100
-0.209440;0;0.6;0;100
-0.174533;0;0.6;0;100
-0.139626;0;0.6;0;100
-0.104720;0;0.6;0;100
-0.069813;0;0.6;0;100
-0.034907;0;0.6;0;100
0.000000;0;0.6;0;100
0.034907;0;0.6;0;100
0.069813;0;0.6;0;100
0.104720;0;0.6;0;100
0.139626;0;0.6;0;100
0.174533;0;0.6;0;100
0.209440;0;0.6;0;100
0.244346;0;0.6;0;100
0.279253;0;0.6;0;100
0.314159;0;0.6;0;100
0.349066;0;0.6;0;100
0.383972;0;0.6;0;100
0.418879;0;0.6;0;100
0.453786;0;0.6;0;100
0.488692;0;0.6;0;100
0.523599;0;0.6;0;100
0.558505;0;0.6;0;100
0.575959;0;0.6;0;100
0.593412;0;0.6;0;100
0.610865;0;0.6;0;100
0.628319;0;0.6;0;100
0.645772;0;0.6;0;100
0.663225;0;0.6;0;100
0.680678;0;0.6;0;100
0.698132;0;0.6;0;100
0.785398;0;0.6;0;100
0.872665;0;0.6;0;100
0.959931;0;0.6;0;100
1.047198;0;0.6;0;100
1.134464;0;0.6;0;100
1.221730;0;0.6;0;100
1.308997;0;0.6;0;100
1.396263;0;0.6;0;100
1.483530;0;0.6;0;100
1.570796;0;0.6;0;100
1.658063;0;0.6;0;100
1.745329;0;0.6;0;100
1.832596;0;0.6;0;100
1.919862;0;0.6;0;100
2.007129;0;0.6;0;100
2.094395;0;0.6;0;100
2.181662;0;0.6;0;100
2.268928;0;0.6;0;100
2.356194;0;0.6;0;100
2.443461;0;0.6;0;100
2.530727;0;0.6;0;100
2.617994;0;0.6;0;100
2.705260;0;0.6;0;100
2.792527;0;0.6;0;100
2.879793;0;0.6;0;100
2.967060;0;0.6;0;100
3.054326;0;0.6;0;100
3.141593;0;0.6;0;100
-3.141593;0;0;0;60
-3.054326;0.1736;0.0099;0.0218;60
-2.967060;0.342;0.0392;0.0434;60
-2.879793;0.5;0.0871;0.0647;60
-2.792527;0.6428;0.1521;0.0855;60
-2.705260;0.766;0.2322;0.1057;60
-2.617994;0.866;0.325;0.125;60
-2.530727;0.9397;0.4277;0.1434;60
-2.443461;0.9848;0.5371;0.1607;60
-2.356194;1;0.65;0.1768;60
-2.268928;0.9848;0.7629;0.1915;60
-2.181662;0.9397;0.8723;0.2048;60
-2.094395;0.866;0.975;0.2165;60
-2.007129;0.766;10.678;0.2266;60
-1.919862;0.6428;11.479;0.2349;60
-1.832596;0.5;12.129;0.2415;60
-1.745329;0.342;12.608;0.2462;60
-1.658063;0.1736;12.901;0.249;60
-1.570796;0;1.3;0.25;60
-1.483530;-0.1736;12.901;0.249;60
-1.396263;-0.342;12.608;0.2462;60
-1.308997;-0.5;12.129;0.2415;60
-1.221730;-0.6428;11.479;0.2349;60
-1.134464;-0.766;10.678;0.2266;60
-1.047198;-0.866;0.975;0.2165;60
-0.959931;-0.9397;0.8723;0.2048;60
-0.872665;-0.9848;0.7629;0.1915;60
-0.785398;-1;0.65;0.1768;60
-0.698132;-0.9616;0.5422;0.1416;60
-0.680678;-0.8639;0.5206;0.1346;60
-0.663225;-0.7762;0.4991;0.1276;60
-0.645772;-0.6785;0.4775;0.1205;60
-0.628319;-0.6008;0.4559;0.1135;60
-0.610865;-0.4931;0.4344;0.1065;60
-0.593412;-0.4154;0.4128;0.0994;60
-0.575959;-0.3277;0.3913;0.0924;60
-0.558505;-0.23711;0.24294;-0.04699;60
-0.523599;-0.15736;0.22318;-0.0606;60
-0.488692;-0.07762;0.20343;-0.0742;60
-0.453786;0.01154;0.18578;-0.08749;60
-0.418879;0.1007;0.16813;-0.10079;60
-0.383972;0.19623;0.15258;-0.11329;60
-0.349066;0.29176;0.13703;-0.12579;60
-0.314159;0.39325;0.12397;-0.137;60
-0.279253;0.49474;0.11091;-0.14822;60
-0.244346;0.60044;0.10087;-0.15711;60
-0.209440;0.70614;0.09082;-0.166;60
-0.174533;0.78805;0.08365;-0.16771;60
-0.139626;0.86996;0.07648;-0.16942;60
-0.104720;0.82873;0.0748;-0.14625;60
-0.069813;0.78751;0.07311;-0.12309;60
-0.034907;0.59461;0.07553;-0.08137;60
0.000000;0.4017;0.07795;-0.03966;60
0.034907;0.0776;0.07795;0.01611;60
0.069813;-0.3593;0.07082;0.09346;60
0.104720;-0.19967;0.07983;0.05152;60
0.139626;-0.02697;0.09587;0.01326;60
0.174533;0.11253;0.1149;-0.01731;60
0.209440;0.23024;0.13648;-0.04367;60
0.244346;0.32953;0.16072;-0.06707;60
0.279253;0.41863;0.18678;-0.08843;60
0.314159;0.49785;0.21498;-0.10838;60
0.349066;0.53987;0.24894;-0.12462;60
0.383972;0.60206;0.28157;-0.14167;60
0.418879;0.66425;0.31419;-0.15872;60
0.453786;0.73839;0.34423;-0.17524;60
0.488692;0.81253;0.37427;-0.19176;60
0.523599;0.86424;0.40682;-0.20546;60
0.558505;0.91596;0.43937;-0.21917;60
0.575959;0.9509;0.4288;-0.1366;60
0.593412;0.9729;0.4501;-0.1406;60
0.610865;0.9848;0.4712;-0.1447;60
0.628319;10.165;0.4922;-0.1487;60
0.645772;10.382;0.5131;-0.1526;60
0.663225;10.499;0.534;-0.1565;60
0.680678;10.515;0.5547;-0.1604;60
0.698132;1.053;0.5753;-0.1643;60
0.785398;10.304;0.6772;-0.1833;60
0.872665;0.9756;0.77647;-0.19437;60
0.959931;0.9208;0.87573;-0.20543;60
1.047198;0.866;0.975;-0.2165;60
1.134464;0.766;10.678;-0.2266;60
1.221730;0.6428;11.479;-0.2349;60
1.308997;0.5;12.129;-0.2415;60
1.396263;0.342;12.608;-0.2462;60
1.483530;0.1736;12.901;-0.249;60
1.570796;0;1.3;-0.25;60
1.658063;-0.1736;12.901;-0.249;60
1.745329;-0.342;12.608;-0.2462;60
1.832596;-0.5;12.129;-0.2415;60
1.919862;-0.6428;11.479;-0.2349;60
2.007129;-0.766;10.678;-0.2266;60
2.094395;-0.866;0.975;-0.2165;60
2.181662;-0.9397;0.8723;-0.2048;60
2.268928;-0.9848;0.7629;-0.1915;60
2.356194;-1;0.65;-0.1768;60
2.443461;-0.9848;0.5371;-0.1607;60
2.530727;-0.9397;0.4277;-0.1434;60
2.617994;-0.866;0.325;-0.125;60
2.705260;-0.766;0.2322;-0.1057;60
2.792527;-0.6428;0.1521;-0.0855;60
2.879793;-0.5;0.0871;-0.0647;60
2.967060;-0.342;0.0392;-0.0434;60
3.054326;-0.1736;0.0099;-0.0218;60
3.141593;0;0;0;60
-3.141593;0;0;0;48
-3.054326;0.1736;0.0099;0.0218;48
-2.967060;0.342;0.0392;0.0434;48
-2.879793;0.5;0.0871;0.0647;48
-2.792527;0.6428;0.1521;0.0855;48
-2.705260;0.766;0.2322;0.1057;48
-2.617994;0.866;0.325;0.125;48
-2.530727;0.9397;0.4277;0.1434;48
-2.443461;0.9848;0.5371;0.1607;48
-2.356194;1;0.65;0.1768;48
-2.268928;0.9848;0.7629;0.1915;48
-2.181662;0.9397;0.8723;0.2048;48
-2.094395;0.866;0.975;0.2165;48
-2.007129;0.766;10.678;0.2266;48
-1.919862;0.6428;11.479;0.2349;48
-1.832596;0.5;12.129;0.2415;48
-1.745329;0.342;12.608;0.2462;48
-1.658063;0.1736;12.901;0.249;48
-1.570796;0;1.3;0.25;48
-1.483530;-0.1736;12.901;0.249;48
-1.396263;-0.342;12.608;0.2462;48
-1.308997;-0.5;12.129;0.2415;48
-1.221730;-0.6428;11.479;0.2349;48
-1.134464;-0.766;10.678;0.2266;48
-1.047198;-0.866;0.975;0.2165;48
-0.959931;-0.9397;0.8723;0.2048;48
-0.872665;-0.9848;0.7629;0.1915;48
-0.785398;-1;0.65;0.1768;48
-0.698132;-0.9816;0.5422;0.1416;48
-0.680678;-0.9539;0.5206;0.1346;48
-0.663225;-0.9262;0.4991;0.1276;48
-0.645772;-0.8885;0.4775;0.1205;48
-0.628319;-0.8308;0.4559;0.1135;48
-0.610865;-0.7731;0.4344;0.1065;48
-0.593412;-0.7254;0.4128;0.0994;48
-0.575959;-0.6577;0.3913;0.0924;48
-0.558505;-0.61106;0.29229;0.0305;48
-0.523599;-0.56083;0.26626;0.01996;48
-0.488692;-0.5106;0.24023;0.00941;48
-0.453786;-0.44936;0.2169;-0.00057;48
-0.418879;-0.38812;0.19358;-0.01055;48
-0.383972;-0.31614;0.17325;-0.01971;48
-0.349066;-0.24416;0.15293;-0.02887;48
-0.314159;-0.16413;0.13546;-0.03685;48
-0.279253;-0.0841;0.11799;-0.04483;48
-0.244346;0.00209;0.10351;-0.05104;48
-0.209440;0.08829;0.08903;-0.05725;48
-0.174533;0.17217;0.07732;-0.0604;48
-0.139626;0.25606;0.06561;-0.06355;48
-0.104720;0.31794;0.05631;-0.0605;48
-0.069813;0.37982;0.04701;-0.05745;48
-0.034907;0.35731;0.04055;-0.03512;48
0.000000;0.33479;0.0341;-0.01279;48
0.034907;0.56519;0.03159;-0.04935;48
0.069813;0.87689;0.03427;-0.08943;48
0.104720;104.252;0.04507;-0.11164;48
0.139626;0.92747;0.07814;-0.11967;48
0.174533;0.82497;0.11741;-0.1329;48
0.209440;0.79054;0.15594;-0.14916;48
0.244346;0.78946;0.19348;-0.16467;48
0.279253;0.81288;0.22998;-0.17992;48
0.314159;0.85046;0.26564;-0.1944;48
0.349066;0.89457;0.30073;-0.20796;48
0.383972;0.9356;0.3361;-0.21989;48
0.418879;0.97664;0.37148;-0.23182;48
0.453786;101.588;0.40562;-0.2421;48
0.488692;105.513;0.43976;-0.25239;48
0.523599;108.428;0.47353;-0.26105;48
0.558505;111.343;0.5073;-0.26972;48
0.575959;11.309;0.4288;-0.1366;48
0.593412;11.429;0.4501;-0.1406;48
0.610865;11.448;0.4712;-0.1447;48
0.628319;11.465;0.4922;-0.1487;48
0.645772;11.382;0.5131;-0.1526;48
0.663225;11.299;0.534;-0.1565;48
0.680678;11.215;0.5547;-0.1604;48
0.698132;1.103;0.5753;-0.1643;48
0.785398;10.304;0.6772;-0.1833;48
0.872665;0.9756;0.77647;-0.19437;48
0.959931;0.9208;0.87573;-0.20543;48
1.047198;0.866;0.975;-0.2165;48
1.134464;0.766;10.678;-0.2266;48
1.221730;0.6428;11.479;-0.2349;48
1.308997;0.5;12.129;-0.2415;48
1.396263;0.342;12.608;-0.2462;48
1.483530;0.1736;12.901;-0.249;48
1.570796;0;1.3;-0.25;48
1.658063;-0.1736;12.901;-0.249;48
1.745329;-0.342;12.608;-0.2462;48
1.832596;-0.5;12.129;-0.2415;48
1.919862;-0.6428;11.479;-0.2349;48
2.007129;-0.766;10.678;-0.2266;48
2.094395;-0.866;0.975;-0.2165;48
2.181662;-0.9397;0.8723;-0.2048;48
2.268928;-0.9848;0.7629;-0.1915;48
2.356194;-1;0.65;-0.1768;48
2.443461;-0.9848;0.5371;-0.1607;48
2.530727;-0.9397;0.4277;-0.1434;48
2.617994;-0.866;0.325;-0.125;48
2.705260;-0.766;0.2322;-0.1057;48
2.792527;-0.6428;0.1521;-0.0855;48
2.879793;-0.5;0.0871;-0.0647;48
2.967060;-0.342;0.0392;-0.0434;48
3.054326;-0.1736;0.0099;-0.0218;48
3.141593;0;0;0;48
-3.141593;0;0;0;36
-3.054326;0.1736;0.0099;0.0218;36
-2.967060;0.342;0.0392;0.0434;36
-2.879793;0.5;0.0871;0.0647;36
-2.792527;0.6428;0.1521;0.0855;36
-2.705260;0.766;0.2322;0.1057;36
-2.617994;0.866;0.325;0.125;36
-2.530727;0.9397;0.4277;0.1434;36
-2.443461;0.9848;0.5371;0.1607;36
-2.356194;1;0.65;0.1768;36
-2.268928;0.9848;0.7629;0.1915;36
-2.181662;0.9397;0.8723;0.2048;36
-2.094395;0.866;0.975;0.2165;36
-2.007129;0.766;10.678;0.2266;36
-1.919862;0.6428;11.479;0.2349;36
-1.832596;0.5;12.129;0.2415;36
-1.745329;0.342;12.608;0.2462;36
-1.658063;0.1736;12.901;0.249;36
-1.570796;0;1.3;0.25;36
-1.483530;-0.1736;12.901;0.249;36
-1.396263;-0.342;12.608;0.2462;36
-1.308997;-0.5;12.129;0.2415;36
-1.221730;-0.6428;11.479;0.2349;36
-1.134464;-0.766;10.678;0.2266;36
-1.047198;-0.866;0.975;0.2165;36
-0.959931;-0.9397;0.8723;0.2048;36
-0.872665;-0.9848;0.7629;0.1915;36
-0.785398;-1;0.65;0.1768;36
-0.698132;-0.9716;0.5422;0.1416;36
-0.680678;-0.9639;0.5206;0.1346;36
-0.663225;-0.9362;0.4991;0.1276;36
-0.645772;-0.9285;0.4775;0.1205;36
-0.628319;-0.9008;0.4559;0.1135;36
-0.610865;-0.8931;0.4344;0.1065;36
-0.593412;-0.8754;0.4128;0.0994;36
-0.575959;-0.8477;0.3913;0.0924;36
-0.558505;-0.82638;0.30151;0.04467;36
-0.523599;-0.81775;0.26767;0.03274;36
-0.488692;-0.80912;0.23383;0.02081;36
-0.453786;-0.79237;0.20448;0.01019;36
-0.418879;-0.77563;0.17513;-0.00043;36
-0.383972;-0.7441;0.15126;-0.00889;36
-0.349066;-0.71257;0.12739;-0.01736;36
-0.314159;-0.66785;0.1085;-0.02292;36
-0.279253;-0.62313;0.08961;-0.02848;36
-0.244346;-0.57418;0.07483;-0.02995;36
-0.209440;-0.52523;0.06004;-0.03143;36
-0.174533;-0.48272;0.04851;-0.02793;36
-0.139626;-0.4402;0.03699;-0.02443;36
-0.104720;-0.29832;0.02943;-0.03591;36
-0.069813;-0.15643;0.02187;-0.04739;36
-0.034907;0.17445;0.02028;-0.07817;36
0.000000;0.50533;0.01868;-0.10895;36
0.034907;0.8241;0.01878;-0.13291;36
0.069813;112.091;0.01964;-0.15102;36
0.104720;138.972;0.0213;-0.16294;36
0.139626;162.544;0.02404;-0.16909;36
0.174533;180.606;0.02895;-0.16816;36
0.209440;181.594;0.0445;-0.15714;36
0.244346;150.898;0.09361;-0.15208;36
0.279253;13.248;0.1422;-0.15983;36
0.314159;123.631;0.18569;-0.16957;36
0.349066;117.287;0.22942;-0.17959;36
0.383972;116.267;0.26752;-0.18869;36
0.418879;115.246;0.30562;-0.19779;36
0.453786;115.474;0.34339;-0.20671;36
0.488692;115.701;0.38116;-0.21563;36
0.523599;115.597;0.4206;-0.2246;36
0.558505;115.493;0.46004;-0.23358;36
0.575959;11.609;0.4288;-0.1366;36
0.593412;11.729;0.4501;-0.1406;36
0.610865;11.748;0.4712;-0.1447;36
0.628319;11.665;0.4922;-0.1487;36
0.645772;11.682;0.5131;-0.1526;36
0.663225;11.499;0.534;-0.1565;36
0.680678;11.315;0.5547;-0.1604;36
0.698132;1.113;0.5753;-0.1643;36
0.785398;10.304;0.6772;-0.1833;36
0.872665;0.9756;0.77647;-0.19437;36
0.959931;0.9208;0.87573;-0.20543;36
1.047198;0.866;0.975;-0.2165;36
1.134464;0.766;10.678;-0.2266;36
1.221730;0.6428;11.479;-0.2349;36
1.308997;0.5;12.129;-0.2415;36
1.396263;0.342;12.608;-0.2462;36
1.483530;0.1736;12.901;-0.249;36
1.570796;0;1.3;-0.25;36
1.658063;-0.1736;12.901;-0.249;36
1.745329;-0.342;12.608;-0.2462;36
1.832596;-0.5;12.129;-0.2415;36
1.919862;-0.6428;11.479;-0.2349;36
2.007129;-0.766;10.678;-0.2266;36
2.094395;-0.866;0.975;-0.2165;36
2.181662;-0.9397;0.8723;-0.2048;36
2.268928;-0.9848;0.7629;-0.1915;36
2.356194;-1;0.65;-0.1768;36
2.443461;-0.9848;0.5371;-0.1607;36
2.530727;-0.9397;0.4277;-0.1434;36
2.617994;-0.866;0.325;-0.125;36
2.705260;-0.766;0.2322;-0.1057;36
2.792527;-0.6428;0.1521;-0.0855;36
2.879793;-0.5;0.0871;-0.0647;36
2.967060;-0.342;0.0392;-0.0434;36
3.054326;-0.1736;0.0099;-0.0218;36
3.141593;0;0;0;36
-3.141593;0;0;0;30.1
-3.054326;0.1736;0.0099;0.0218;30.1
-2.967060;0.342;0.0392;0.0434;30.1
-2.879793;0.5;0.0871;0.0647;30.1
-2.792527;0.6428;0.1521;0.0855;30.1
-2.705260;0.766;0.2322;0.1057;30.1
-2.617994;0.866;0.325;0.125;30.1
-2.530727;0.9397;0.4277;0.1434;30.1
-2.443461;0.9848;0.5371;0.1607;30.1
-2.356194;1;0.65;0.1768;30.1
-2.268928;0.9848;0.7629;0.1915;30.1
-2.181662;0.9397;0.8723;0.2048;30.1
-2.094395;0.866;0.975;0.2165;30.1
-2.007129;0.766;10.678;0.2266;30.1
-1.919862;0.6428;11.479;0.2349;30.1
-1.832596;0.5;12.129;0.2415;30.1
-1.745329;0.342;12.608;0.2462;30.1
-1.658063;0.1736;12.901;0.249;30.1
-1.570796;0;1.3;0.25;30.1
-1.483530;-0.1736;12.901;0.249;30.1
-1.396263;-0.342;12.608;0.2462;30.1
-1.308997;-0.5;12.129;0.2415;30.1
-1.221730;-0.6428;11.479;0.2349;30.1
-1.134464;-0.766;10.678;0.2266;30.1
-1.047198;-0.866;0.975;0.2165;30.1
-0.959931;-0.9397;0.8723;0.2048;30.1
-0.872665;-0.9848;0.7629;0.1915;30.1
-0.785398;-1;0.65;0.1768;30.1
-0.698132;-10.216;0.5422;0.1416;30.1
-0.680678;-10.239;0.5206;0.1346;30.1
-0.663225;-10.162;0.4991;0.1276;30.1
-0.645772;-10.185;0.4775;0.1205;30.1
-0.628319;-10.108;0.4559;0.1135;30.1
-0.610865;-10.031;0.4344;0.1065;30.1
-0.593412;-0.9954;0.4128;0.0994;30.1
-0.575959;-0.9777;0.3913;0.0924;30.1
-0.558505;-0.96353;0.28972;0.05151;30.1
-0.523599;-0.96034;0.2563;0.03891;30.1
-0.488692;-0.95716;0.22288;0.02632;30.1
-0.453786;-0.94406;0.19412;0.01542;30.1
-0.418879;-0.93096;0.16535;0.00452;30.1
-0.383972;-0.90466;0.14171;-0.0039;30.1
-0.349066;-0.87836;0.11807;-0.01232;30.1
-0.314159;-0.84588;0.09862;-0.01749;30.1
-0.279253;-0.8134;0.07917;-0.02266;30.1
-0.244346;-0.77281;0.06434;-0.02352;30.1
-0.209440;-0.73222;0.04951;-0.02439;30.1
-0.174533;-0.69346;0.0381;-0.02269;30.1
-0.139626;-0.65469;0.02669;-0.02098;30.1
-0.104720;-0.45069;0.02036;-0.03892;30.1
-0.069813;-0.2467;0.01402;-0.05686;30.1
-0.034907;0.02948;0.01292;-0.07166;30.1
0.000000;0.30565;0.01182;-0.08646;30.1
0.034907;0.56697;0.01193;-0.09545;30.1
0.069813;0.81993;0.01247;-0.10235;30.1
0.104720;106.139;0.01355;-0.10706;30.1
0.139626;128.736;0.01523;-0.1094;30.1
0.174533;148.403;0.01797;-0.10793;30.1
0.209440;163.878;0.02239;-0.10258;30.1
0.244346;171.231;0.03217;-0.09482;30.1
0.279253;160.446;0.05845;-0.08937;30.1
0.314159;14.184;0.09922;-0.09427;30.1
0.349066;130.631;0.13948;-0.1041;30.1
0.383972;125.093;0.1784;-0.11503;30.1
0.418879;119.555;0.21731;-0.12596;30.1
0.453786;117.741;0.25524;-0.1369;30.1
0.488692;115.927;0.29318;-0.14784;30.1
0.523599;114.777;0.3328;-0.159;30.1
0.558505;113.626;0.37242;-0.17015;30.1
0.575959;11.509;0.4288;-0.1366;30.1
0.593412;11.629;0.4501;-0.1406;30.1
0.610865;11.648;0.4712;-0.1447;30.1
0.628319;11.565;0.4922;-0.1487;30.1
0.645772;11.482;0.5131;-0.1526;30.1
0.663225;11.499;0.534;-0.1565;30.1
0.680678;11.415;0.5547;-0.1604;30.1
0.698132;1.123;0.5753;-0.1643;30.1
0.785398;10.304;0.6772;-0.1833;30.1
0.872665;0.9756;0.77647;-0.19437;30.1
0.959931;0.9208;0.87573;-0.20543;30.1
1.047198;0.866;0.975;-0.2165;30.1
1.134464;0.766;10.678;-0.2266;30.1
1.221730;0.6428;11.479;-0.2349;30.1
1.308997;0.5;12.129;-0.2415;30.1
1.396263;0.342;12.608;-0.2462;30.1
1.483530;0.1736;12.901;-0.249;30.1
1.570796;0;1.3;-0.25;30.1
1.658063;-0.1736;12.901;-0.249;30.1
1.745329;-0.342;12.608;-0.2462;30.1
1.832596;-0.5;12.129;-0.2415;30.1
1.919862;-0.6428;11.479;-0.2349;30.1
2.007129;-0.766;10.678;-0.2266;30.1
2.094395;-0.866;0.975;-0.2165;30.1
2.181662;-0.9397;0.8723;-0.2048;30.1
2.268928;-0.9848;0.7629;-0.1915;30.1
2.356194;-1;0.65;-0.1768;30.1
2.443461;-0.9848;0.5371;-0.1607;30.1
2.530727;-0.9397;0.4277;-0.1434;30.1
2.617994;-0.866;0.325;-0.125;30.1
2.705260;-0.766;0.2322;-0.1057;30.1
2.792527;-0.6428;0.1521;-0.0855;30.1
2.879793;-0.5;0.0871;-0.0647;30.1
2.967060;-0.342;0.0392;-0.0434;30.1
3.054326;-0.1736;0.0099;-0.0218;30.1
3.141593;0;0;0;30.1
-3.141593;0;0;0;24.1
-3.054326;0.1736;0.0114;0.0218;24.1
-2.967060;0.342;0.0452;0.0434;24.1
-2.879793;0.5;0.1005;0.0647;24.1
-2.792527;0.6428;0.1755;0.0855;24.1
-2.705260;0.766;0.2679;0.1057;24.1
-2.617994;0.866;0.375;0.125;24.1
-2.530727;0.9397;0.4935;0.1434;24.1
-2.443461;0.9848;0.6197;0.1607;24.1
-2.356194;1;0.75;0.1768;24.1
-2.268928;0.9848;0.8803;0.1915;24.1
-2.181662;0.9397;10.065;0.2048;24.1
-2.094395;0.866;1.125;0.2165;24.1
-2.007129;0.766;12.321;0.2266;24.1
-1.919862;0.6428;13.245;0.2349;24.1
-1.832596;0.5;13.995;0.2415;24.1
-1.745329;0.342;14.548;0.2462;24.1
-1.658063;0.1736;14.886;0.249;24.1
-1.570796;0;1.5;0.25;24.1
-1.483530;-0.1736;14.886;0.249;24.1
-1.396263;-0.342;14.548;0.2462;24.1
-1.308997;-0.5;13.995;0.2415;24.1
-1.221730;-0.6428;13.245;0.2349;24.1
-1.134464;-0.766;12.321;0.2266;24.1
-1.047198;-0.866;1.125;0.2165;24.1
-0.959931;-0.9397;10.065;0.2048;24.1
-0.872665;-0.9848;0.8603;0.1915;24.1
-0.785398;-1.012;0.712;0.1708;24.1
-0.698132;-10.376;0.5475;0.1416;24.1
-0.680678;-10.419;0.5165;0.1346;24.1
-0.663225;-10.462;0.4816;0.1276;24.1
-0.645772;-10.525;0.4487;0.1185;24.1
-0.628319;-10.568;0.4177;0.1095;24.1
-0.610865;-10.611;0.3848;0.1005;24.1
-0.593412;-10.654;0.3558;0.0894;24.1
-0.575959;-10.717;0.3289;0.0824;24.1
-0.558505;-10.765;0.3031;0.0678;24.1
-0.523599;-10.889;0.256;0.0508;24.1
-0.488692;-10.993;0.209;0.0337;24.1
-0.453786;-11.168;0.1756;0.0206;24.1
-0.418879;-11.282;0.1423;0.0075;24.1
-0.383972;-11.215;0.1183;-0.0008;24.1
-0.349066;-11.148;0.0943;-0.0091;24.1
-0.314159;-10.919;0.0765;-0.0123;24.1
-0.279253;-10.691;0.0587;-0.0156;24.1
-0.244346;-10.379;0.0454;-0.0156;24.1
-0.209440;-10.067;0.0321;-0.0155;24.1
-0.174533;-0.8479;0.023;-0.0318;24.1
-0.139626;-0.6892;0.0138;-0.048;24.1
-0.104720;-0.4278;0.0118;-0.0611;24.1
-0.069813;-0.1665;0.0098;-0.0742;24.1
-0.034907;0.0863;0.0095;-0.0811;24.1
0.000000;0.3391;0.0092;-0.088;24.1
0.034907;0.5867;0.0094;-0.0933;24.1
0.069813;0.8301;0.0099;-0.0977;24.1
0.104720;10.656;0.0109;-0.1008;24.1
0.139626;12.914;0.0124;-0.1026;24.1
0.174533;15.012;0.0144;-0.1024;24.1
0.209440;16.886;0.0173;-0.0998;24.1
0.244346;18.103;0.0226;-0.0941;24.1
0.279253;18.139;0.0354;-0.0874;24.1
0.314159;17.545;0.0647;-0.085;24.1
0.349066;16.071;0.1035;-0.0913;24.1
0.383972;15.257;0.1437;-0.1026;24.1
0.418879;14.428;0.1841;-0.114;24.1
0.453786;13.826;0.229;-0.1282;24.1
0.488692;13.218;0.2738;-0.1423;24.1
0.523599;12.583;0.3278;-0.1582;24.1
0.558505;11.944;0.3816;-0.1739;24.1
0.575959;11.734;0.4209;-0.179;24.1
0.593412;11.568;0.4504;-0.1831;24.1
0.610865;11.379;0.4815;-0.1873;24.1
0.628319;11.248;0.5105;-0.1914;24.1
0.645772;11.177;0.545;-0.1953;24.1
0.663225;11.024;0.5737;-0.1993;24.1
0.680678;10.891;0.5999;-0.2032;24.1
0.698132;10.755;0.628;-0.2071;24.1
0.785398;10.175;0.7578;-0.2161;24.1
0.872665;0.9716;0.882;-0.2184;24.1
0.959931;0.9268;10.104;-0.2214;24.1
1.047198;0.866;1.125;-0.2255;24.1
1.134464;0.766;12.321;-0.2306;24.1
1.221730;0.6428;13.245;-0.2349;24.1
1.308997;0.5;13.995;-0.2415;24.1
1.396263;0.342;14.548;-0.2462;24.1
1.483530;0.1736;14.886;-0.249;24.1
1.570796;0;1.5;-0.25;24.1
1.658063;-0.1736;14.886;-0.249;24.1
1.745329;-0.342;14.548;-0.2462;24.1
1.832596;-0.5;13.995;-0.2415;24.1
1.919862;-0.6428;13.245;-0.2349;24.1
2.007129;-0.766;12.321;-0.2266;24.1
2.094395;-0.866;1.125;-0.2165;24.1
2.181662;-0.9397;10.065;-0.2048;24.1
2.268928;-0.9848;0.8803;-0.1915;24.1
2.356194;-1;0.75;-0.1768;24.1
2.443461;-0.9848;0.6197;-0.1607;24.1
2.530727;-0.9397;0.4935;-0.1434;24.1
2.617994;-0.866;0.375;-0.125;24.1
2.705260;-0.766;0.2679;-0.1057;24.1
2.792527;-0.6428;0.1755;-0.0855;24.1
2.879793;-0.5;0.1005;-0.0647;24.1
2.967060;-0.342;0.0452;-0.0434;24.1
3.054326;-0.1736;0.0114;-0.0218;24.1
3.141593;0;0;0;24.1
